%YAML:1.0
---
IntParam:
   camera_matrix: !!opencv-matrix
      rows: 3
      cols: 3
      dt: d
      data: [ 1.0593711843295125e+03, 0., 9.1466173080237854e+02, 0.,
          1.0630406220349678e+03, 5.3753934955071975e+02, 0., 0., 1. ]
   distortion: !!opencv-matrix
      rows: 1
      cols: 5
      dt: d
      data: [ -2.6629267804508638e-01, 7.2969389278686514e-02,
          1.8011111599032089e-04, 1.5998410245254375e-03,
          -1.0651786247631101e-02 ]
   image_size: [ 1920, 1080 ]
   fisheye: 0
