%YAML:1.0
---
ExtParam:
   rvec: !!opencv-matrix
      rows: 3
      cols: 1
      dt: d
      data: [ 1.4992650766435219e+01, 8.7734654644237047e+00,
          -8.1253858302539072e+01 ]
   tvec: !!opencv-matrix
      rows: 3
      cols: 1
      dt: d
      data: [ -1.1058324623082219e+04, -1.2670136704474773e+04,
          2.7470626870558324e+05 ]
